Episode,Hit,SR,Variance
1,0.0,-24.0,0.2624
2,0.0,-13.0,0.11309999999999995
3,0.0,84.0,0.23439999999999991
4,0.0,-5.0,0.06749999999999998
5,0.0,-3.0,0.02910000000000001
6,0.0,-2.0,0.05959999999999997
7,1.0,80.0,0.36
8,0.0,-11.0,0.09790000000000001
9,0.0,-3.0,0.049099999999999984
10,0.0,-7.0,0.0651
11,1.0,24.0,0.20240000000000002
12,0.0,-100.0,0.0
13,0.0,-2.0,0.01959999999999999
14,0.0,-6.0,0.07639999999999998
15,0.0,-7.0,0.2051
16,0.0,0.0,0.02
17,0.0,-8.0,0.09359999999999996
18,0.0,-2.0,0.01959999999999999
19,0.0,-3.0,0.049099999999999984
20,0.0,-5.0,0.06749999999999998
21,0.0,-5.0,0.04749999999999998
22,0.0,0.0,0.02
23,0.0,-3.0,0.049099999999999984
24,0.0,-5.0,0.06749999999999998
25,0.0,-5.0,0.04749999999999998
26,0.0,0.0,0.02
27,0.0,0.0,0.02
28,0.0,-8.0,0.09359999999999996
29,0.0,0.0,0.02
30,0.0,-5.0,0.04749999999999998
31,0.0,0.0,0.02
32,0.0,0.0,0.02
33,0.0,-5.0,0.04749999999999998
34,0.0,-3.0,0.049099999999999984
35,0.0,0.0,0.02
36,0.0,-2.0,0.039599999999999975
37,0.0,-3.0,0.049099999999999984
38,0.0,0.0,0.02
39,0.0,-5.0,0.04749999999999998
40,0.0,0.0,0.02
41,0.0,-3.0,0.049099999999999984
42,0.0,0.0,0.02
43,0.0,-2.0,0.039599999999999975
44,0.0,0.0,0.02
45,0.0,-3.0,0.049099999999999984
46,0.0,0.0,0.02
47,0.0,-5.0,0.04749999999999998
48,0.0,0.0,0.02
49,0.0,0.0,0.02
50,0.0,0.0,0.02
51,0.0,-2.0,0.039599999999999975
52,0.0,9.0,0.12190000000000004
53,0.0,29.0,0.2259
54,0.0,33.0,0.24109999999999998
55,1.0,49.0,0.26990000000000003
56,1.0,38.0,0.4756
57,1.0,49.0,0.26990000000000003
58,0.0,48.0,0.26959999999999995
59,1.0,49.0,0.26990000000000003
60,1.0,49.0,0.26990000000000003
61,0.0,40.0,0.26
62,1.0,49.0,0.26990000000000003
63,1.0,46.0,0.3083999999999999
64,1.0,49.0,0.26990000000000003
65,0.0,40.0,0.26
66,0.0,49.0,0.2699
67,0.0,1.0,0.9698999999999998
68,0.0,-1.0,0.009899999999999997
69,1.0,48.0,0.26959999999999995
70,0.0,0.0,0.02
71,0.0,45.0,0.2675000000000001
72,1.0,49.0,0.26990000000000003
73,1.0,49.0,0.26990000000000003
74,1.0,49.0,0.26990000000000003
75,1.0,49.0,0.26990000000000003
76,0.0,36.0,0.4904000000000001
77,1.0,49.0,0.26990000000000003
78,1.0,10.0,0.8900000000000002
79,1.0,49.0,0.26990000000000003
80,0.0,48.0,0.26959999999999995
81,1.0,49.0,0.26990000000000003
82,1.0,48.0,0.2896
83,1.0,49.0,0.26990000000000003
84,1.0,49.0,0.26990000000000003
85,1.0,49.0,0.26990000000000003
86,1.0,49.0,0.26990000000000003
87,0.0,0.0,0.02
88,0.0,48.0,0.26959999999999995
89,1.0,37.0,0.49310000000000004
90,1.0,49.0,0.26990000000000003
91,1.0,2.0,0.9796
92,0.0,36.0,0.2504
93,1.0,9.0,0.8819000000000002
94,0.0,18.0,0.16759999999999997
95,0.0,33.0,0.2611
96,0.0,35.0,0.24749999999999994
97,1.0,49.0,0.26990000000000003
98,1.0,49.0,0.26990000000000003
99,0.0,9.0,0.10190000000000009
100,1.0,49.0,0.26990000000000003
101,1.0,49.0,0.26990000000000003
102,0.0,25.0,0.2075
103,0.0,22.0,0.25160000000000005
104,1.0,49.0,0.26990000000000003
105,0.0,25.0,0.2075
106,0.0,14.0,0.14040000000000005
107,0.0,9.0,0.10190000000000009
108,1.0,8.0,0.9136
109,0.0,26.0,0.21239999999999995
110,1.0,49.0,0.26990000000000003
111,0.0,9.0,0.10190000000000009
112,0.0,48.0,0.26959999999999995
113,1.0,49.0,0.26990000000000003
114,1.0,49.0,0.26990000000000003
115,0.0,34.0,0.2444
116,1.0,49.0,0.26990000000000003
117,0.0,49.0,0.2699
118,0.0,37.0,0.4731
119,1.0,49.0,0.26990000000000003
120,0.0,43.0,0.2650999999999999
121,1.0,49.0,0.26990000000000003
122,0.0,49.0,0.2699
123,1.0,49.0,0.26990000000000003
124,0.0,6.0,0.07640000000000001
125,0.0,43.0,0.2650999999999999
126,0.0,24.0,0.7024000000000001
127,0.0,27.0,0.6570999999999998
128,1.0,49.0,0.26990000000000003
129,0.0,48.0,0.2696
130,0.0,0.0,0.02
131,1.0,49.0,0.26990000000000003
132,1.0,49.0,0.26990000000000003
133,1.0,49.0,0.26990000000000003
134,0.0,18.0,0.16759999999999997
135,1.0,49.0,0.26990000000000003
136,1.0,49.0,0.26990000000000003
137,1.0,46.0,0.3083999999999999
138,1.0,49.0,0.26990000000000003
139,0.0,-1.0,0.009899999999999997
140,1.0,49.0,0.26990000000000003
141,0.0,13.0,0.13310000000000002
142,1.0,49.0,0.26990000000000003
143,0.0,39.0,0.2579000000000001
144,0.0,21.0,0.1859
145,1.0,49.0,0.26990000000000003
146,0.0,16.0,0.15439999999999998
147,0.0,47.0,0.28909999999999997
148,1.0,48.0,0.26959999999999995
149,1.0,49.0,0.26990000000000003
150,0.0,38.0,0.4556
151,0.0,12.0,0.12560000000000004
152,0.0,43.0,0.2650999999999999
153,1.0,49.0,0.26990000000000003
154,1.0,48.0,0.26959999999999995
155,1.0,49.0,0.26990000000000003
156,1.0,39.0,0.43790000000000007
157,1.0,49.0,0.26990000000000003
158,1.0,49.0,0.26990000000000003
159,1.0,49.0,0.26990000000000003
160,1.0,49.0,0.26990000000000003
161,1.0,49.0,0.26990000000000003
162,1.0,39.0,0.4579000000000001
163,0.0,27.0,0.21710000000000002
164,0.0,23.0,0.19710000000000008
165,1.0,49.0,0.26990000000000003
166,1.0,49.0,0.26990000000000003
167,0.0,48.0,0.26959999999999995
168,1.0,18.0,0.7875999999999999
169,1.0,49.0,0.26990000000000003
170,1.0,27.0,0.6570999999999998
171,0.0,4.0,0.058400000000000014
172,1.0,49.0,0.26990000000000003
173,1.0,49.0,0.26990000000000003
174,0.0,48.0,0.26959999999999995
175,1.0,49.0,0.26990000000000003
176,1.0,49.0,0.26990000000000003
177,0.0,29.0,0.2259
178,1.0,47.0,0.30909999999999993
179,1.0,49.0,0.26990000000000003
180,1.0,48.0,0.26959999999999995
181,1.0,49.0,0.26990000000000003
182,1.0,49.0,0.26990000000000003
183,0.0,17.0,0.16110000000000002
184,1.0,49.0,0.26990000000000003
185,1.0,49.0,0.26990000000000003
186,1.0,49.0,0.26990000000000003
187,1.0,49.0,0.26990000000000003
188,1.0,49.0,0.26990000000000003
189,1.0,48.0,0.28959999999999997
190,1.0,49.0,0.26990000000000003
191,1.0,49.0,0.26990000000000003
192,0.0,8.0,0.09359999999999997
193,0.0,48.0,0.26959999999999995
194,1.0,49.0,0.26990000000000003
195,0.0,48.0,0.26959999999999995
196,1.0,49.0,0.26990000000000003
197,1.0,49.0,0.26990000000000003
198,0.0,44.0,0.2664
199,0.0,9.0,0.10190000000000009
200,1.0,49.0,0.26990000000000003
201,1.0,46.0,0.32839999999999997
202,1.0,49.0,0.26990000000000003
203,0.0,49.0,0.2699
204,0.0,21.0,0.6859000000000002
205,0.0,6.0,0.07640000000000001
206,1.0,49.0,0.26990000000000003
207,1.0,49.0,0.26990000000000003
208,1.0,22.0,0.7315999999999999
209,0.0,48.0,0.26959999999999995
210,0.0,49.0,0.26990000000000003
211,1.0,48.0,0.26959999999999995
212,0.0,49.0,0.26990000000000003
213,1.0,45.0,0.26750000000000007
214,1.0,48.0,0.26959999999999995
215,1.0,38.0,0.4756
216,1.0,40.0,0.44
217,0.0,48.0,0.26959999999999995
218,1.0,49.0,0.26990000000000003
219,0.0,13.0,0.13310000000000002
220,1.0,49.0,0.26990000000000003
221,1.0,40.0,0.44
222,1.0,48.0,0.26959999999999995
223,1.0,27.0,0.6570999999999998
224,1.0,49.0,0.26990000000000003
225,1.0,49.0,0.26990000000000003
226,1.0,49.0,0.26990000000000003
227,1.0,49.0,0.26990000000000003
228,0.0,34.0,0.2644
229,1.0,49.0,0.26990000000000003
230,0.0,48.0,0.26959999999999995
231,0.0,-70.0,0.49000000000000005
232,1.0,49.0,0.26990000000000003
233,1.0,48.0,0.28959999999999997
234,1.0,47.0,0.2890999999999999
235,1.0,48.0,0.2896
236,1.0,49.0,0.26990000000000003
237,1.0,25.0,0.2075
238,0.0,3.0,0.049099999999999984
239,1.0,39.0,0.4579000000000001
240,1.0,5.0,0.9275000000000001
241,1.0,49.0,0.26990000000000003
242,0.0,45.0,0.2675000000000001
243,0.0,28.0,0.2215999999999999
244,0.0,31.0,0.5738999999999999
245,1.0,49.0,0.26990000000000003
246,1.0,49.0,0.26990000000000003
247,1.0,48.0,0.28959999999999997
248,1.0,19.0,0.17390000000000005
249,1.0,48.0,0.26959999999999995
250,1.0,-1.0,0.9898999999999998
251,0.0,-1.0,0.009899999999999997
252,0.0,49.0,0.26990000000000003
253,1.0,5.0,0.9475000000000002
254,0.0,24.0,0.6824000000000001
255,0.0,49.0,0.26990000000000003
256,1.0,49.0,0.26990000000000003
257,0.0,32.0,0.23759999999999992
258,1.0,49.0,0.26990000000000003
259,1.0,49.0,0.26990000000000003
260,0.0,48.0,0.26959999999999995
261,1.0,49.0,0.26990000000000003
262,1.0,33.0,0.5611000000000002
263,1.0,36.0,0.2504
264,0.0,8.0,0.09359999999999997
265,1.0,48.0,0.26959999999999995
266,1.0,49.0,0.26990000000000003
267,1.0,48.0,0.26959999999999995
268,0.0,14.0,0.14040000000000005
269,1.0,49.0,0.26990000000000003
270,1.0,49.0,0.26990000000000003
271,1.0,49.0,0.26990000000000003
272,1.0,49.0,0.26990000000000003
273,1.0,49.0,0.26990000000000003
274,1.0,49.0,0.26990000000000003
275,0.0,-9.0,0.9019000000000003
276,0.0,33.0,0.24109999999999998
277,1.0,33.0,0.5611000000000002
278,1.0,-4.0,0.9983999999999997
279,1.0,49.0,0.26990000000000003
280,0.0,44.0,0.2664
281,1.0,49.0,0.26990000000000003
282,1.0,49.0,0.26990000000000003
283,1.0,49.0,0.26990000000000003
284,1.0,49.0,0.26990000000000003
285,0.0,48.0,0.26959999999999995
286,0.0,14.0,0.14040000000000005
287,1.0,42.0,0.3836
288,1.0,49.0,0.26990000000000003
289,0.0,49.0,0.26990000000000003
290,1.0,49.0,0.26990000000000003
291,1.0,48.0,0.28959999999999997
292,1.0,49.0,0.26990000000000003
293,1.0,49.0,0.26990000000000003
294,1.0,49.0,0.26990000000000003
295,1.0,46.0,0.32839999999999997
296,1.0,49.0,0.26990000000000003
297,0.0,36.0,0.2504
298,1.0,49.0,0.26990000000000003
299,1.0,49.0,0.26990000000000003
300,1.0,49.0,0.26990000000000003
301,1.0,40.0,0.26
302,1.0,49.0,0.26990000000000003
303,1.0,34.0,0.5444
304,1.0,7.0,0.9251
305,1.0,49.0,0.26990000000000003
306,1.0,15.0,0.8274999999999999
307,1.0,49.0,0.26990000000000003
308,1.0,49.0,0.26990000000000003
309,0.0,43.0,0.3650999999999999
310,1.0,49.0,0.26990000000000003
311,1.0,48.0,0.26959999999999995
312,0.0,48.0,0.26959999999999995
313,0.0,4.0,0.9383999999999998
314,0.0,6.0,0.07640000000000001
315,0.0,49.0,0.2699
316,1.0,49.0,0.26990000000000003
317,1.0,49.0,0.26990000000000003
318,1.0,48.0,0.2896
319,0.0,48.0,0.26959999999999995
320,1.0,49.0,0.26990000000000003
321,1.0,49.0,0.26990000000000003
322,1.0,49.0,0.26990000000000003
323,1.0,49.0,0.26990000000000003
324,1.0,49.0,0.26990000000000003
325,1.0,49.0,0.26990000000000003
326,1.0,49.0,0.26990000000000003
327,1.0,49.0,0.26990000000000003
328,0.0,25.0,0.2075
329,0.0,49.0,0.2699
330,1.0,49.0,0.26990000000000003
331,0.0,48.0,0.2696
332,1.0,49.0,0.26990000000000003
333,1.0,22.0,0.7315999999999999
334,1.0,49.0,0.26990000000000003
335,0.0,48.0,0.26959999999999995
336,1.0,4.0,0.9583999999999997
337,0.0,2.0,0.039599999999999975
338,0.0,5.0,0.06749999999999999
339,0.0,-1.0,0.009899999999999997
340,0.0,48.0,0.26959999999999995
341,1.0,26.0,0.6524000000000002
342,0.0,26.0,0.21239999999999995
343,1.0,48.0,0.2896
344,1.0,22.0,0.7315999999999999
345,1.0,48.0,0.26959999999999995
346,1.0,49.0,0.26990000000000003
347,0.0,43.0,0.2650999999999999
348,0.0,49.0,0.2699
349,1.0,49.0,0.26990000000000003
350,0.0,49.0,0.2699
351,1.0,49.0,0.26990000000000003
352,1.0,49.0,0.26990000000000003
353,0.0,26.0,0.21239999999999995
354,0.0,17.0,0.16110000000000002
355,1.0,49.0,0.26990000000000003
356,1.0,49.0,0.26990000000000003
357,1.0,49.0,0.26990000000000003
358,1.0,49.0,0.26990000000000003
359,1.0,49.0,0.26990000000000003
360,1.0,49.0,0.26990000000000003
361,1.0,49.0,0.26990000000000003
362,1.0,33.0,0.5611000000000002
363,1.0,49.0,0.26990000000000003
364,0.0,49.0,0.26990000000000003
365,0.0,25.0,0.2075
366,0.0,6.0,0.07640000000000001
367,0.0,20.0,0.18
368,1.0,49.0,0.26990000000000003
369,1.0,49.0,0.26990000000000003
370,1.0,49.0,0.26990000000000003
371,1.0,49.0,0.26990000000000003
372,1.0,49.0,0.26990000000000003
373,0.0,49.0,0.2699
374,0.0,9.0,0.10190000000000009
375,1.0,49.0,0.26990000000000003
376,1.0,49.0,0.26990000000000003
377,1.0,49.0,0.26990000000000003
378,1.0,49.0,0.26990000000000003
379,1.0,48.0,0.2896
380,0.0,49.0,0.2699
381,1.0,18.0,0.7676
382,0.0,38.0,0.25560000000000005
383,1.0,25.0,0.2075
384,1.0,8.0,0.9136
385,0.0,20.0,0.18
386,1.0,49.0,0.26990000000000003
387,0.0,49.0,0.2699
388,1.0,10.0,0.8900000000000002
389,1.0,49.0,0.26990000000000003
390,1.0,49.0,0.26990000000000003
391,1.0,49.0,0.26990000000000003
392,1.0,49.0,0.26990000000000003
393,1.0,16.0,0.8144
394,1.0,49.0,0.26990000000000003
395,1.0,14.0,0.8403999999999999
396,0.0,48.0,0.26959999999999995
397,1.0,48.0,0.28959999999999997
398,1.0,49.0,0.26990000000000003
399,1.0,49.0,0.26990000000000003
400,1.0,48.0,0.26959999999999995
401,1.0,49.0,0.26990000000000003
402,1.0,49.0,0.26990000000000003
403,1.0,49.0,0.26990000000000003
404,1.0,49.0,0.26990000000000003
405,0.0,16.0,0.8144
406,1.0,49.0,0.26990000000000003
407,1.0,33.0,0.5611000000000002
408,1.0,49.0,0.26990000000000003
409,1.0,49.0,0.26990000000000003
410,0.0,49.0,0.26990000000000003
411,0.0,49.0,0.26990000000000003
412,1.0,49.0,0.26990000000000003
413,1.0,49.0,0.26990000000000003
414,1.0,49.0,0.26990000000000003
415,1.0,49.0,0.26990000000000003
416,1.0,23.0,0.7171000000000001
417,0.0,49.0,0.2699
418,0.0,48.0,0.26959999999999995
419,1.0,49.0,0.26990000000000003
420,1.0,48.0,0.26959999999999995
421,1.0,48.0,0.2896
422,0.0,19.0,0.1739
423,1.0,49.0,0.26990000000000003
424,0.0,40.0,0.26
425,1.0,48.0,0.26959999999999995
426,0.0,-67.0,0.48109999999999997
427,0.0,42.0,0.2636000000000001
428,1.0,48.0,0.26959999999999995
429,1.0,49.0,0.26990000000000003
430,0.0,49.0,0.2699
431,1.0,49.0,0.26990000000000003
432,0.0,49.0,0.26990000000000003
433,1.0,49.0,0.2699
434,1.0,49.0,0.26990000000000003
435,0.0,41.0,0.2819
436,0.0,43.0,0.2650999999999999
437,0.0,49.0,0.2699
438,0.0,37.0,0.25310000000000005
439,1.0,49.0,0.26990000000000003
440,1.0,49.0,0.26990000000000003
441,1.0,49.0,0.26990000000000003
442,1.0,49.0,0.26990000000000003
443,0.0,-1.0,0.009899999999999997
444,1.0,27.0,0.6570999999999998
445,0.0,17.0,0.16110000000000002
446,1.0,49.0,0.26990000000000003
447,0.0,26.0,0.21239999999999995
448,1.0,48.0,0.26959999999999995
449,1.0,49.0,0.26990000000000003
450,1.0,44.0,0.3664
451,1.0,49.0,0.26990000000000003
452,1.0,49.0,0.26990000000000003
453,1.0,49.0,0.26990000000000003
454,1.0,49.0,0.26990000000000003
455,0.0,48.0,0.26959999999999995
456,1.0,16.0,0.7744
457,0.0,11.0,0.11790000000000007
458,0.0,48.0,0.26959999999999995
459,1.0,49.0,0.26990000000000003
460,0.0,49.0,0.2699
461,0.0,6.0,0.07640000000000001
462,1.0,48.0,0.2896
463,1.0,49.0,0.26990000000000003
464,1.0,49.0,0.26990000000000003
465,0.0,40.0,0.26
466,1.0,49.0,0.26990000000000003
467,0.0,1.0,0.029900000000000003
468,1.0,49.0,0.26990000000000003
469,0.0,48.0,0.2696
470,0.0,-28.0,0.8216
471,0.0,34.0,0.2444
472,0.0,28.0,0.2215999999999999
473,0.0,48.0,0.26959999999999995
474,1.0,4.0,0.9583999999999997
475,1.0,49.0,0.26990000000000003
476,1.0,28.0,0.2215999999999999
477,1.0,48.0,0.28959999999999997
478,1.0,49.0,0.26990000000000003
479,1.0,43.0,0.3850999999999999
480,1.0,49.0,0.26990000000000003
481,0.0,48.0,0.2696
482,1.0,48.0,0.2896
483,0.0,47.0,0.28909999999999997
484,0.0,28.0,0.2215999999999999
485,1.0,49.0,0.26990000000000003
486,1.0,49.0,0.26990000000000003
487,1.0,49.0,0.26990000000000003
488,1.0,49.0,0.26990000000000003
489,1.0,49.0,0.26990000000000003
490,0.0,11.0,0.11790000000000007
491,1.0,47.0,0.2890999999999999
492,1.0,49.0,0.26990000000000003
493,1.0,49.0,0.26990000000000003
494,1.0,49.0,0.26990000000000003
495,1.0,30.0,0.61
496,0.0,49.0,0.2699
497,1.0,49.0,0.26990000000000003
498,1.0,47.0,0.26909999999999995
499,0.0,17.0,0.16110000000000002
500,1.0,49.0,0.26990000000000003
501,1.0,48.0,0.2896
502,1.0,13.0,0.8530999999999999
503,1.0,48.0,0.2896
504,1.0,49.0,0.26990000000000003
505,1.0,28.0,0.6415999999999998
506,1.0,49.0,0.26990000000000003
507,0.0,16.0,0.15439999999999998
508,1.0,7.0,0.9051
509,0.0,32.0,0.2575999999999999
510,1.0,48.0,0.2896
511,1.0,49.0,0.26990000000000003
512,1.0,48.0,0.26959999999999995
513,1.0,49.0,0.26990000000000003
514,1.0,49.0,0.26990000000000003
515,0.0,29.0,0.2259
516,1.0,49.0,0.26990000000000003
517,1.0,49.0,0.26990000000000003
518,0.0,49.0,0.26990000000000003
519,1.0,49.0,0.26990000000000003
520,1.0,17.0,0.7811
521,0.0,48.0,0.2896
522,1.0,34.0,0.5444
523,0.0,49.0,0.2699
524,1.0,49.0,0.26990000000000003
525,0.0,6.0,0.07640000000000001
526,0.0,-42.0,0.7035999999999999
527,0.0,48.0,0.26959999999999995
528,0.0,39.0,0.2579000000000001
529,1.0,49.0,0.26990000000000003
530,0.0,39.0,0.43790000000000007
531,0.0,5.0,0.06749999999999999
532,1.0,48.0,0.28959999999999997
533,1.0,49.0,0.26990000000000003
534,1.0,49.0,0.26990000000000003
535,1.0,49.0,0.26990000000000003
536,1.0,49.0,0.26990000000000003
537,0.0,38.0,0.25560000000000005
538,1.0,5.0,0.9475000000000002
539,0.0,49.0,0.2699
540,1.0,49.0,0.26990000000000003
541,1.0,48.0,0.26959999999999995
542,1.0,49.0,0.26990000000000003
543,1.0,49.0,0.26990000000000003
544,0.0,48.0,0.2896
545,0.0,41.0,0.26189999999999997
546,1.0,49.0,0.26990000000000003
547,1.0,47.0,0.30909999999999993
548,0.0,5.0,0.06749999999999999
549,1.0,49.0,0.26990000000000003
550,0.0,18.0,0.16759999999999997
551,1.0,11.0,0.8579000000000002
552,0.0,48.0,0.26959999999999995
553,1.0,49.0,0.26990000000000003
554,1.0,49.0,0.26990000000000003
555,1.0,49.0,0.26990000000000003
556,1.0,50.0,0.27
557,0.0,39.0,0.3978999999999999
558,1.0,48.0,0.28959999999999997
559,1.0,49.0,0.26990000000000003
560,0.0,48.0,0.26959999999999995
561,0.0,33.0,0.5611000000000002
562,1.0,48.0,0.26959999999999995
563,1.0,49.0,0.26990000000000003
564,1.0,49.0,0.26990000000000003
565,1.0,48.0,0.26959999999999995
566,1.0,49.0,0.26990000000000003
567,1.0,34.0,0.5444
568,1.0,49.0,0.26990000000000003
569,1.0,49.0,0.26990000000000003
570,0.0,7.0,0.9051000000000002
571,1.0,49.0,0.26990000000000003
572,0.0,32.0,0.23759999999999992
573,1.0,30.0,0.61
574,1.0,49.0,0.26990000000000003
575,1.0,49.0,0.26990000000000003
576,1.0,49.0,0.26990000000000003
577,1.0,49.0,0.26990000000000003
578,1.0,49.0,0.26990000000000003
579,1.0,15.0,0.8274999999999999
580,0.0,5.0,0.06749999999999999
581,0.0,2.0,0.039599999999999975
582,0.0,49.0,0.26990000000000003
583,1.0,49.0,0.26990000000000003
584,1.0,48.0,0.26959999999999995
585,0.0,48.0,0.2896
586,1.0,48.0,0.28959999999999997
587,1.0,49.0,0.26990000000000003
588,0.0,49.0,0.2699
589,0.0,32.0,0.5576000000000001
590,0.0,45.0,0.2675000000000001
591,0.0,1.0,0.9898999999999998
592,1.0,48.0,0.26959999999999995
593,1.0,16.0,0.8144
594,0.0,26.0,0.21239999999999995
595,0.0,25.0,0.2075
596,0.0,12.0,0.14560000000000006
597,0.0,-17.0,0.7410999999999999
598,1.0,98.0,0.03959999999999999
599,0.0,76.0,0.20240000000000002
600,1.0,98.0,0.03959999999999999
601,0.0,90.0,0.11
602,1.0,98.0,0.03959999999999999
603,1.0,98.0,0.03959999999999999
604,1.0,96.0,0.07839999999999997
605,1.0,98.0,0.03959999999999999
606,1.0,97.0,0.049100000000000005
607,1.0,98.0,0.03959999999999999
608,0.0,32.0,0.23759999999999992
609,1.0,98.0,0.03959999999999999
610,1.0,98.0,0.03959999999999999
611,0.0,41.0,0.8219
612,0.0,51.0,0.26990000000000003
613,1.0,98.0,0.03959999999999999
614,0.0,-48.0,0.7696000000000001
615,0.0,3.0,0.049099999999999984
616,1.0,98.0,0.03959999999999999
617,1.0,97.0,0.049100000000000005
618,1.0,96.0,0.07839999999999997
619,1.0,97.0,0.049100000000000005
620,0.0,-42.0,0.8235999999999996
621,0.0,87.0,0.13310000000000002
622,1.0,98.0,0.03959999999999999
623,0.0,39.0,0.2579
624,1.0,96.0,0.07839999999999997
625,1.0,98.0,0.03959999999999999
626,1.0,98.0,0.03959999999999999
627,1.0,98.0,0.03959999999999999
628,1.0,96.0,0.07839999999999997
629,0.0,20.0,0.18
630,1.0,97.0,0.04909999999999999
631,1.0,97.0,0.049100000000000005
632,1.0,98.0,0.03959999999999999
633,1.0,98.0,0.03959999999999999
634,1.0,97.0,0.049100000000000005
635,1.0,96.0,0.07839999999999997
636,1.0,97.0,0.049100000000000005
637,1.0,98.0,0.03959999999999999
638,1.0,98.0,0.03959999999999999
639,1.0,98.0,0.03959999999999999
640,1.0,96.0,0.07839999999999997
641,0.0,28.0,0.9216000000000001
642,0.0,25.0,0.2075
643,1.0,84.0,0.29439999999999994
644,1.0,98.0,0.03959999999999999
645,0.0,26.0,0.9323999999999998
646,1.0,96.0,0.07839999999999996
647,0.0,-2.0,0.9995999999999998
648,1.0,97.0,0.049100000000000005
649,1.0,97.0,0.049100000000000005
650,1.0,22.0,0.1916
651,0.0,56.0,0.2664000000000001
652,1.0,98.0,0.03959999999999999
653,1.0,96.0,0.07839999999999997
654,0.0,46.0,0.26839999999999997
655,0.0,37.0,0.25309999999999994
656,1.0,98.0,0.03959999999999999
657,1.0,98.0,0.03959999999999999
658,1.0,98.0,0.03959999999999999
659,1.0,98.0,0.03959999999999999
660,1.0,98.0,0.03959999999999999
661,1.0,98.0,0.03959999999999999
662,0.0,-66.0,0.5643999999999999
663,1.0,98.0,0.03959999999999999
664,0.0,78.0,0.2116
665,0.0,22.0,0.19160000000000005
666,1.0,95.0,0.06750000000000005
667,1.0,98.0,0.03959999999999999
668,1.0,96.0,0.07839999999999997
669,1.0,98.0,0.03959999999999999
670,1.0,98.0,0.03959999999999999
671,0.0,45.0,0.26750000000000007
672,0.0,28.0,0.9216000000000001
673,1.0,98.0,0.03959999999999999
674,1.0,97.0,0.049100000000000005
675,1.0,98.0,0.03959999999999999
676,0.0,16.0,0.9743999999999999
677,0.0,26.0,0.9323999999999998
678,1.0,98.0,0.03959999999999999
679,1.0,98.0,0.03959999999999999
680,1.0,97.0,0.049100000000000005
681,1.0,98.0,0.03959999999999999
682,0.0,97.0,0.04910000000000002
683,0.0,6.0,0.07640000000000002
684,1.0,98.0,0.03959999999999999
685,1.0,95.0,0.08750000000000002
686,1.0,98.0,0.03959999999999999
687,0.0,82.0,0.16759999999999997
688,1.0,97.0,0.049100000000000005
689,1.0,94.0,0.07640000000000001
690,0.0,-100.0,0.0
691,1.0,95.0,0.0875
692,1.0,98.0,0.03959999999999999
693,1.0,98.0,0.03959999999999999
694,1.0,97.0,0.049100000000000005
695,0.0,20.0,0.18
696,1.0,96.0,0.07839999999999997
697,1.0,98.0,0.03959999999999999
698,1.0,98.0,0.03959999999999999
699,1.0,98.0,0.03959999999999999
700,1.0,97.0,0.049100000000000005
701,1.0,98.0,0.03959999999999999
702,1.0,97.0,0.049100000000000005
703,0.0,89.0,0.1979
704,1.0,98.0,0.03959999999999999
705,1.0,98.0,0.03959999999999999
706,1.0,97.0,0.04909999999999995
707,1.0,75.0,0.4275
708,1.0,97.0,0.049100000000000005
709,0.0,85.0,0.1475
710,1.0,98.0,0.03959999999999999
711,1.0,97.0,0.049099999999999956
712,1.0,98.0,0.03959999999999999
713,1.0,98.0,0.03959999999999999
714,1.0,98.0,0.03959999999999999
715,1.0,98.0,0.03959999999999999
716,0.0,85.0,0.2675
717,0.0,23.0,0.19710000000000008
718,1.0,98.0,0.03959999999999999
719,1.0,98.0,0.03959999999999999
720,1.0,97.0,0.049100000000000005
721,1.0,96.0,0.07839999999999997
722,0.0,90.0,0.11
723,1.0,96.0,0.07839999999999997
724,0.0,30.0,0.91
725,0.0,32.0,0.23759999999999992
726,1.0,98.0,0.03959999999999999
727,1.0,51.0,0.7299
728,1.0,95.0,0.08750000000000002
729,0.0,12.0,0.12560000000000002
730,0.0,71.0,0.24590000000000004
731,1.0,50.0,0.27
732,1.0,98.0,0.03959999999999999
733,1.0,86.0,0.26039999999999996
734,0.0,32.0,0.23759999999999992
735,1.0,98.0,0.03959999999999999
736,0.0,80.0,0.3600000000000001
737,0.0,-88.0,0.22560000000000005
738,1.0,96.0,0.07839999999999997
739,1.0,96.0,0.07839999999999997
740,1.0,98.0,0.03959999999999999
741,1.0,97.0,0.049100000000000005
742,1.0,98.0,0.03959999999999999
743,1.0,98.0,0.03959999999999999
744,1.0,98.0,0.03959999999999999
745,1.0,98.0,0.03959999999999999
746,1.0,95.0,0.08750000000000002
747,0.0,-82.0,0.32760000000000006
748,1.0,98.0,0.03959999999999999
749,1.0,98.0,0.03959999999999999
750,0.0,60.0,0.6400000000000001
751,1.0,98.0,0.03959999999999999
752,0.0,10.0,0.11
753,1.0,98.0,0.03959999999999999
754,1.0,98.0,0.03959999999999999
755,1.0,98.0,0.03959999999999999
756,1.0,96.0,0.07839999999999997
757,0.0,89.0,0.13789999999999997
758,0.0,58.0,0.26360000000000006
759,1.0,98.0,0.03959999999999999
760,0.0,15.0,0.1475
761,1.0,98.0,0.03959999999999999
762,1.0,97.0,0.04909999999999996
763,1.0,45.0,0.2675
764,1.0,97.0,0.049100000000000005
765,0.0,62.0,0.25560000000000005
766,1.0,88.0,0.12560000000000002
767,1.0,98.0,0.03959999999999999
768,0.0,-100.0,0.0
769,1.0,98.0,0.03959999999999999
770,1.0,93.0,0.10510000000000001
771,0.0,88.0,0.12560000000000002
772,1.0,96.0,0.07839999999999996
773,0.0,11.0,0.11790000000000005
774,1.0,98.0,0.03959999999999999
775,1.0,-48.0,0.7696000000000001
776,0.0,0.0,0.02
777,0.0,0.0,0.02
778,0.0,0.0,0.02
779,1.0,49.0,0.26990000000000003
780,0.0,31.0,0.2538999999999999
781,0.0,22.0,0.7316000000000003
782,1.0,49.0,0.26990000000000003
783,0.0,36.0,0.2504
784,1.0,48.0,0.2896
785,0.0,0.0,0.02
786,1.0,49.0,0.26990000000000003
787,1.0,49.0,0.26990000000000003
788,1.0,49.0,0.26990000000000003
789,1.0,49.0,0.26990000000000003
790,0.0,3.0,0.049099999999999984
791,1.0,49.0,0.26990000000000003
792,1.0,49.0,0.26990000000000003
793,1.0,49.0,0.26990000000000003
794,1.0,49.0,0.26990000000000003
795,1.0,48.0,0.26959999999999995
796,1.0,27.0,0.6570999999999998
797,1.0,49.0,0.26990000000000003
798,1.0,49.0,0.26990000000000003
799,1.0,49.0,0.26990000000000003
800,1.0,49.0,0.26990000000000003
801,0.0,47.0,0.26909999999999995
802,1.0,49.0,0.26990000000000003
803,1.0,49.0,0.26990000000000003
804,1.0,49.0,0.26990000000000003
805,1.0,49.0,0.26990000000000003
806,1.0,49.0,0.26990000000000003
807,1.0,48.0,0.26959999999999995
808,1.0,49.0,0.26990000000000003
809,1.0,49.0,0.26990000000000003
810,1.0,49.0,0.26990000000000003
811,0.0,49.0,0.2699
812,1.0,49.0,0.26990000000000003
813,1.0,49.0,0.26990000000000003
814,0.0,5.0,0.06749999999999999
815,1.0,49.0,0.26990000000000003
816,1.0,49.0,0.26990000000000003
817,1.0,49.0,0.26990000000000003
818,0.0,13.0,0.13310000000000002
819,1.0,48.0,0.2896
820,1.0,48.0,0.2896
821,1.0,48.0,0.26959999999999995
822,1.0,49.0,0.26990000000000003
823,0.0,49.0,0.2699
824,1.0,48.0,0.2896
825,1.0,49.0,0.26990000000000003
826,1.0,49.0,0.26990000000000003
827,0.0,-3.0,0.02910000000000001
828,1.0,49.0,0.26990000000000003
829,1.0,49.0,0.26990000000000003
830,0.0,25.0,0.2075
831,1.0,48.0,0.28959999999999997
832,0.0,27.0,0.21710000000000002
833,0.0,20.0,0.18
834,0.0,-23.0,0.8971000000000001
835,1.0,87.0,0.1331
836,1.0,98.0,0.03959999999999999
837,1.0,92.0,0.15360000000000004
838,0.0,6.0,0.07640000000000002
839,1.0,98.0,0.03959999999999999
840,1.0,98.0,0.03959999999999999
841,1.0,96.0,0.07839999999999996
842,1.0,98.0,0.03959999999999999
843,1.0,98.0,0.03959999999999999
844,1.0,96.0,0.07839999999999997
845,0.0,15.0,0.1475
846,1.0,96.0,0.07839999999999996
847,1.0,-26.0,0.9323999999999996
848,1.0,98.0,0.03959999999999999
849,1.0,97.0,0.049100000000000005
850,1.0,97.0,0.049100000000000005
851,1.0,97.0,0.049100000000000005
852,0.0,-28.0,0.9216
853,0.0,30.0,0.2299999999999999
854,0.0,-30.0,0.8500000000000003
855,0.0,0.0,0.02
856,0.0,0.0,0.6
857,0.0,-1.0,0.28990000000000005
858,0.0,-1.0,0.06989999999999999
859,0.0,18.0,0.44760000000000005
860,0.0,0.0,0.08
861,1.0,98.0,0.03959999999999999
862,1.0,98.0,0.03959999999999999
863,1.0,98.0,0.03959999999999999
864,1.0,65.0,0.24749999999999994
865,1.0,98.0,0.03959999999999999
866,0.0,82.0,0.3276
867,0.0,52.0,0.7295999999999999
868,1.0,96.0,0.07839999999999997
869,1.0,98.0,0.03959999999999999
870,1.0,98.0,0.03959999999999999
871,0.0,-84.0,0.29439999999999983
872,0.0,18.0,0.16759999999999997
873,0.0,16.0,0.9743999999999999
874,0.0,31.0,0.23389999999999989
875,1.0,97.0,0.049100000000000005
876,0.0,51.0,0.26990000000000003
877,0.0,40.0,0.8399999999999997
878,0.0,8.0,0.6736000000000001
879,0.0,40.0,0.26000000000000006
880,0.0,-70.0,0.51
881,0.0,0.0,0.06
882,0.0,0.0,0.06
883,0.0,17.0,0.5211
884,0.0,14.0,0.4203999999999998
885,0.0,-1.0,0.2499000000000001
886,0.0,-1.0,0.0699
887,1.0,98.0,0.03959999999999999
888,1.0,98.0,0.03959999999999999
889,1.0,98.0,0.03959999999999999
890,1.0,98.0,0.03959999999999999
891,0.0,-88.0,0.22560000000000005
892,1.0,82.0,0.16759999999999994
893,1.0,96.0,0.07839999999999997
894,1.0,98.0,0.03959999999999999
895,0.0,94.0,0.1164
896,1.0,98.0,0.03959999999999999
897,1.0,98.0,0.03959999999999999
898,1.0,98.0,0.03959999999999999
899,0.0,57.0,0.6650999999999999
900,1.0,96.0,0.07839999999999997
901,0.0,87.0,0.13310000000000002
902,1.0,98.0,0.03959999999999999
903,1.0,98.0,0.03959999999999999
904,1.0,96.0,0.07839999999999997
905,1.0,98.0,0.03959999999999999
906,1.0,97.0,0.049100000000000005
907,1.0,98.0,0.03959999999999999
908,0.0,36.0,0.2504
909,1.0,98.0,0.03959999999999999
910,0.0,96.0,0.05839999999999997
911,1.0,98.0,0.03959999999999999
912,1.0,97.0,0.04909999999999998
913,0.0,14.0,0.9803999999999999
914,0.0,26.0,0.9323999999999998
915,0.0,-1.0,0.009899999999999997
916,1.0,98.0,0.03959999999999999
917,1.0,98.0,0.03959999999999999
918,1.0,93.0,0.0851
919,1.0,98.0,0.03959999999999999
920,0.0,-52.0,0.7296
921,1.0,98.0,0.03959999999999999
922,1.0,98.0,0.03959999999999999
923,1.0,98.0,0.03959999999999999
924,1.0,98.0,0.03959999999999999
925,1.0,97.0,0.049100000000000005
926,0.0,2.0,0.039599999999999975
927,1.0,98.0,0.03959999999999999
928,0.0,72.0,0.22159999999999996
929,1.0,98.0,0.03959999999999999
930,1.0,95.0,0.08749999999999997
931,1.0,96.0,0.07839999999999996
932,0.0,12.0,0.12560000000000002
933,1.0,78.0,0.39160000000000006
934,0.0,-4.0,0.03840000000000001
935,1.0,93.0,0.12510000000000002
936,1.0,98.0,0.03959999999999999
937,0.0,4.0,0.9983999999999997
938,0.0,96.0,0.05839999999999997
939,1.0,97.0,0.049100000000000005
940,1.0,98.0,0.03959999999999999
941,0.0,-50.0,0.75
942,1.0,98.0,0.03959999999999999
943,1.0,98.0,0.03959999999999999
944,1.0,97.0,0.049100000000000005
945,1.0,98.0,0.03959999999999999
946,1.0,98.0,0.03959999999999999
947,1.0,98.0,0.03959999999999999
948,1.0,98.0,0.03959999999999999
949,1.0,96.0,0.07839999999999997
950,1.0,98.0,0.03959999999999999
951,1.0,97.0,0.049100000000000005
952,0.0,6.0,0.9963999999999996
953,1.0,98.0,0.03959999999999999
954,1.0,98.0,0.03959999999999999
955,1.0,98.0,0.03959999999999999
956,1.0,98.0,0.03959999999999999
957,1.0,98.0,0.03959999999999999
958,1.0,98.0,0.03959999999999999
959,1.0,97.0,0.049100000000000005
960,1.0,98.0,0.03959999999999999
961,0.0,88.0,0.12560000000000002
962,1.0,14.0,0.1404
963,1.0,96.0,0.07839999999999997
964,1.0,25.0,0.2075
965,1.0,96.0,0.07839999999999997
966,1.0,96.0,0.07839999999999997
967,1.0,96.0,0.07839999999999997
968,1.0,98.0,0.03959999999999999
969,0.0,21.0,0.18589999999999995
970,0.0,-20.0,0.9600000000000003
971,1.0,98.0,0.03959999999999999
972,1.0,98.0,0.03959999999999999
973,0.0,46.0,0.7884000000000002
974,1.0,98.0,0.03959999999999999
975,1.0,97.0,0.049100000000000005
976,0.0,4.0,0.05840000000000003
977,1.0,96.0,0.07839999999999997
978,1.0,97.0,0.049100000000000005
979,0.0,14.0,0.14040000000000005
980,1.0,98.0,0.03959999999999999
981,1.0,98.0,0.03959999999999999
982,1.0,98.0,0.03959999999999999
983,1.0,96.0,0.07839999999999997
984,1.0,97.0,0.049100000000000005
985,0.0,86.0,0.14039999999999997
986,1.0,97.0,0.049100000000000005
987,1.0,98.0,0.03959999999999999
988,0.0,-88.0,0.22560000000000005
989,1.0,98.0,0.03959999999999999
990,1.0,98.0,0.03959999999999999
991,1.0,96.0,0.07839999999999996
992,1.0,98.0,0.03959999999999999
993,1.0,98.0,0.03959999999999999
994,0.0,84.0,0.2744
995,1.0,98.0,0.03959999999999999
996,1.0,98.0,0.03959999999999999
997,0.0,55.0,0.2675
998,0.0,-52.0,0.7296
999,1.0,98.0,0.03959999999999999
1000,0.0,61.0,0.2579
